%YAML:1.0
---
camera_matrix: !!opencv-matrix
   rows: 3
   cols: 3
   dt: d
   data: [3617.422853, 0.000000, 2046.972383,
            0.000000, 3617.561167, 1515.242535,
            0.0     ,    0.0     ,    1.0     ]
dist_coeff: !!opencv-matrix
   rows: 1
   cols: 5
   dt: d
   data: [
            -0.064321, 0.114219, -0.000746, 0.000801, 0.000000
        ]