%YAML:1.0
---
world_rvec: !!opencv-matrix
   rows: 3
   cols: 1
   dt: d
   data: [ 1.4991050282713083e+00, -1.2765999291002665e+00,
       9.6939795426133368e-01 ]
world_tvec: !!opencv-matrix
   rows: 3
   cols: 1
   dt: d
   data: [ -1.0019945443997486e+01, 2.8500528283672280e+00,
       3.3869325006721294e+00 ]
